# scenarios from TITE-CRM original paper
target <- 0.20
ncohort <- 12
cohortsize <- 3

p.trues <- list()
p.trues[[1]] <- c(0.05, 0.10, 0.20, 0.30, 0.50, 0.70)
p.trues[[2]] <- c(0.30, 0.40, 0.52, 0.61, 0.76, 0.87)
p.trues[[3]] <- c(0.05, 0.06, 0.08, 0.11, 0.19, 0.34)
p.trues[[4]] <- c(0.06, 0.08, 0.12, 0.18, 0.40, 0.71)
p.trues[[5]] <- c(0.00, 0.00, 0.03, 0.05, 0.11, 0.22)