# scenarios from TITE-model-assist paper of (Lin and Yuan, 2020, biostat)
target <- 0.30
ncohort <- 12
cohortsize <- 3

p.trues <- list()
p.trues[[1]] <- c(0.13, 0.28, 0.41, 0.50, 0.60, 0.70)
p.trues[[2]] <- c(0.08, 0.15, 0.29, 0.43, 0.50, 0.57)
p.trues[[3]] <- c(0.28, 0.42, 0.49, 0.61, 0.76, 0.87)
p.trues[[4]] <- c(0.05, 0.10, 0.20, 0.31, 0.50, 0.70)
p.trues[[5]] <- c(0.06, 0.08, 0.12, 0.18, 0.30, 0.41)
p.trues[[6]] <- c(0.05, 0.06, 0.08, 0.11, 0.19, 0.32)