# scenarios from TITE-BOIN original paper
target <- 0.30
ncohort <- 12
cohortsize <- 3

p.trues <- list()
p.trues[[1]] <- c(0.30, 0.40, 0.50, 0.60, 0.70, 0.80, 0.90)
p.trues[[2]] <- c(0.14, 0.30, 0.39, 0.48, 0.56, 0.64, 0.70)
p.trues[[3]] <- c(0.07, 0.23, 0.41, 0.49, 0.62, 0.68, 0.73)
p.trues[[4]] <- c(0.05, 0.15, 0.30, 0.40, 0.50, 0.60, 0.70)
p.trues[[5]] <- c(0.05, 0.12, 0.20, 0.30, 0.38, 0.49, 0.56)
p.trues[[6]] <- c(0.01, 0.04, 0.08, 0.15, 0.30, 0.36, 0.43)
p.trues[[7]] <- c(0.02, 0.04, 0.08, 0.10, 0.20, 0.30, 0.40)
p.trues[[8]] <- c(0.01, 0.03, 0.05, 0.07, 0.09, 0.30, 0.50)