# scenarios from BMA_CRM original paper
target <- 0.30
ncohort <- 10
cohortsize <- 3

p.trues <- list()

p.trues[[1]] <- c(0.02, 0.03, 0.04, 0.06, 0.08, 0.10, 0.30, 0.50)
p.trues[[2]] <- c(0.02, 0.06, 0.08, 0.12, 0.20, 0.30, 0.40, 0.50)
p.trues[[3]] <- c(0.06, 0.15, 0.30, 0.55, 0.60, 0.65, 0.68, 0.70)
p.trues[[4]] <- c(0.20, 0.30, 0.40, 0.50, 0.60, 0.65, 0.70, 0.75)
p.trues[[5]] <- c(0.10, 0.20, 0.30, 0.40, 0.50, 0.60, 0.70, 0.80)
p.trues[[6]] <- c(0.02, 0.03, 0.05, 0.07, 0.30, 0.50, 0.70, 0.80)
p.trues[[7]] <- c(0.03, 0.07, 0.10, 0.15, 0.20, 0.30, 0.50, 0.70)
p.trues[[8]] <- c(0.02, 0.03, 0.05, 0.06, 0.07, 0.09, 0.10, 0.30)
p.trues[[9]] <- c(0.40, 0.50, 0.60, 0.70, 0.80, 0.90, 0.95, 0.99)
